-2.195101593732880774e-01
1.817204573636562737e+00
1.502013487293207605e+00
-6.624778904653542133e-01
-3.967394099390194606e-01
-3.944795245249652638e-01
-2.228599882940447974e-01
6.958509282320843869e-01
1.507687638086136150e+00
9.351421658149655647e-01
1.223630380068392753e+00
-4.795076229499536380e-01
1.920919482750267360e-01
-6.898562245787337455e-02
-1.896032670383806851e+00
4.195865428834318900e-01
5.942562345631048348e-01
-3.990398257137298121e-01
5.194688886872433908e-01
-1.714895209285376865e+00
-9.500167589137052948e-01
1.496367462130584691e+00
-2.926370614657999858e-01
2.202264616894348048e+00
-1.590060402954842189e+00
1.072635871033893906e+00
-2.454362754648373168e-01
1.437211980951470069e+00
7.934414414901097556e-01
4.956029891455192467e-03
-1.781788103684205149e+00
-1.047939479043957567e+00
7.222473486695067946e-01
4.420114049455836636e-01
-1.823632178253060676e+00
9.350369814229117504e-02
3.727244377850343904e-01
4.019969709161337890e-01
-6.522523762297416372e-02
-3.461477128669985803e-01
1.029041220381794464e+00
-1.003768752761441396e+00
-2.509735355831732573e+00
3.967042336300409255e-01
1.064488911051409747e+00
2.488813722293344577e-01
9.728587303621583082e-01
1.349821758800563154e-01
-1.169475499954038961e-01
6.529281667501595221e-01
-2.468653225685257802e+00
1.694821849251850754e+00
-2.608268117359842653e-01
-3.667340924883025766e-01
2.254990384095775457e+00
2.742065487448589467e-01
1.594494371982737357e+00
-8.695468235374742560e-01
1.160816432474324866e+00
6.147606480489982150e-01
1.261310758410810307e+00
-3.402430022834595502e-01
3.207689260395899522e-01
-6.058283775442293573e-01
-4.311984959137201145e-01
-4.230154700922800215e-01
-5.782306275987402211e-01
1.476524664132929932e+00
1.806478118951628353e+00
-1.017780403782801102e+00
1.032434636397437488e+00
-7.854400804054847418e-01
-7.856247223438873606e-01
1.016371150910632792e+00
3.206666127274102607e-01
-1.625770352534444685e+00
-7.709127111703666380e-01
1.792526970412402942e+00
1.067155174107558668e+00
1.659172794028915154e+00
2.181720735502902908e+00
3.885131002561899027e-01
-1.361773452825685016e-01
-1.310712402929812004e-01
-1.388673648874271527e-01
1.709180365185524950e-02
2.936087785497537017e-01
1.503298336800100055e+00
-4.428193869674662553e-01
1.036637087258703405e+00
-3.787350696287601903e-01
-1.080309392374616984e+00
-9.587000535057516037e-01
5.532141325820458255e-02
2.065013020227646212e+00
-9.102609970209275536e-01
2.240974073623814178e+00
3.196466754081767614e-01
4.361581510942736384e-01
1.771233393029372882e+00
-1.804616189329458393e+02
